0	0	0	0	4.746653501776679 
1	0	0	0	0.428278820829841 
1	0	1	0	0.061085690191610 
1	1	0	0	1.019193402071116 
1	1	1	0	0.015141893530119 
1	1	1	1	0.723719156263118 
2	0	0	0	-0.000000000000000 
2	0	1	0	-0.000000000000000 
2	0	1	1	0.000000000000000 
2	0	2	0	0.010593950713548 
2	1	0	0	-0.000000000000002 
2	1	1	0	0.000000000000000 
2	1	1	1	-0.000000000000001 
2	1	2	0	-0.016813080472938 
2	1	2	1	0.131225855091500 
2	2	0	0	0.763044435527885 
2	2	1	0	0.004671439512281 
2	2	1	1	0.616267687084235 
2	2	2	0	-0.000000000000000 
2	2	2	1	0.000000000000001 
2	2	2	2	0.594988690000451 
3	0	0	0	0.166245986493058 
3	0	1	0	0.021815303983679 
3	0	1	1	0.012614308464613 
3	0	2	0	0.000000000000000 
3	0	2	1	-0.000000000000000 
3	0	2	2	0.005584553140495 
3	0	3	0	0.024419590081724 
3	1	0	0	0.146559641113598 
3	1	1	0	0.008126016103405 
3	1	1	1	0.022503155430205 
3	1	2	0	-0.000000000000000 
3	1	2	1	0.000000000000000 
3	1	2	2	-0.004352933984496 
3	1	3	0	-0.018489243212629 
3	1	3	1	0.129672906225964 
3	2	0	0	0.000000000000001 
3	2	1	0	0.000000000000000 
3	2	1	1	0.000000000000001 
3	2	2	0	-0.002563564095419 
3	2	2	1	-0.027636074616984 
3	2	2	2	-0.000000000000000 
3	2	3	0	0.000000000000000 
3	2	3	1	0.000000000000000 
3	2	3	2	0.055124768775135 
3	3	0	0	0.939046932717511 
3	3	1	0	0.011400597584943 
3	3	1	1	0.662033761626411 
3	3	2	0	-0.000000000000000 
3	3	2	1	-0.000000000000001 
3	3	2	2	0.567230893747095 
3	3	3	0	-0.008925353550253 
3	3	3	1	0.094995356868207 
3	3	3	2	0.000000000000000 
3	3	3	3	0.707770388714187 
4	0	0	0	0.000000000000000 
4	0	1	0	0.000000000000000 
4	0	1	1	-0.000000000000000 
4	0	2	0	0.000000000000000 
4	0	2	1	-0.000000000000000 
4	0	2	2	-0.000000000000000 
4	0	3	0	0.000000000000000 
4	0	3	1	0.000000000000000 
4	0	3	2	-0.000000000000000 
4	0	3	3	-0.000000000000000 
4	0	4	0	0.025968914955467 
4	1	0	0	0.000000000000000 
4	1	1	0	-0.000000000000000 
4	1	1	1	0.000000000000000 
4	1	2	0	-0.000000000000000 
4	1	2	1	0.000000000000000 
4	1	2	2	0.000000000000000 
4	1	3	0	0.000000000000000 
4	1	3	1	-0.000000000000000 
4	1	3	2	0.000000000000000 
4	1	3	3	0.000000000000000 
4	1	4	0	-0.033182554712071 
4	1	4	1	0.150058747744002 
4	2	0	0	0.000000000000002 
4	2	1	0	0.000000000000000 
4	2	1	1	0.000000000000001 
4	2	2	0	-0.000000000000000 
4	2	2	1	0.000000000000000 
4	2	2	2	0.000000000000000 
4	2	3	0	-0.000000000000000 
4	2	3	1	0.000000000000000 
4	2	3	2	-0.000000000000000 
4	2	3	3	0.000000000000001 
4	2	4	0	0.000000000000000 
4	2	4	1	-0.000000000000000 
4	2	4	2	0.026466360021865 
4	3	0	0	-0.000000000000000 
4	3	1	0	-0.000000000000000 
4	3	1	1	-0.000000000000000 
4	3	2	0	-0.000000000000000 
4	3	2	1	0.000000000000000 
4	3	2	2	-0.000000000000000 
4	3	3	0	-0.000000000000000 
4	3	3	1	-0.000000000000000 
4	3	3	2	-0.000000000000000 
4	3	3	3	-0.000000000000000 
4	3	4	0	-0.012001925850275 
4	3	4	1	0.044240974554287 
4	3	4	2	0.000000000000000 
4	3	4	3	0.048839142240166 
4	4	0	0	1.115356320449696 
4	4	1	0	0.012113517419895 
4	4	1	1	0.753998467029478 
4	4	2	0	-0.000000000000000 
4	4	2	1	-0.000000000000001 
4	4	2	2	0.602604151958679 
4	4	3	0	0.004673336205008 
4	4	3	1	0.079385838156461 
4	4	3	2	0.000000000000001 
4	4	3	3	0.693407171641614 
4	4	4	0	-0.000000000000000 
4	4	4	1	0.000000000000000 
4	4	4	2	0.000000000000001 
4	4	4	3	-0.000000000000000 
4	4	4	4	0.880159093375047 
5	0	0	0	0.199823260722684 
5	0	1	0	0.030362715342611 
5	0	1	1	0.002012898197697 
5	0	2	0	0.000000000000000 
5	0	2	1	-0.000000000000000 
5	0	2	2	-0.000577798790515 
5	0	3	0	-0.002730347376155 
5	0	3	1	0.020768286337186 
5	0	3	2	-0.000000000000000 
5	0	3	3	0.015922935302802 
5	0	4	0	0.000000000000000 
5	0	4	1	-0.000000000000000 
5	0	4	2	0.000000000000000 
5	0	4	3	-0.000000000000000 
5	0	4	4	0.005410893963326 
5	0	5	0	0.026196665420563 
5	1	0	0	0.268866236387807 
5	1	1	0	0.006136923329592 
5	1	1	1	0.131932256399282 
5	1	2	0	-0.000000000000000 
5	1	2	1	0.000000000000000 
5	1	2	2	0.066396083564770 
5	1	3	0	0.018418624831234 
5	1	3	1	-0.031430030257369 
5	1	3	2	0.000000000000000 
5	1	3	3	0.064734661495343 
5	1	4	0	0.000000000000000 
5	1	4	1	-0.000000000000000 
5	1	4	2	0.000000000000000 
5	1	4	3	-0.000000000000000 
5	1	4	4	0.142244065794145 
5	1	5	0	-0.009825930299058 
5	1	5	1	0.095152731863367 
5	2	0	0	0.000000000000001 
5	2	1	0	0.000000000000000 
5	2	1	1	0.000000000000001 
5	2	2	0	-0.002623893214216 
5	2	2	1	-0.037544456115186 
5	2	2	2	-0.000000000000001 
5	2	3	0	-0.000000000000000 
5	2	3	1	0.000000000000000 
5	2	3	2	0.037573929570864 
5	2	3	3	0.000000000000000 
5	2	4	0	-0.000000000000000 
5	2	4	1	0.000000000000000 
5	2	4	2	-0.000000000000000 
5	2	4	3	-0.000000000000000 
5	2	4	4	0.000000000000001 
5	2	5	0	-0.000000000000000 
5	2	5	1	0.000000000000000 
5	2	5	2	0.074990225586756 
5	3	0	0	-0.266958807839249 
5	3	1	0	-0.003474769621385 
5	3	1	1	-0.125002505973826 
5	3	2	0	-0.000000000000000 
5	3	2	1	0.000000000000000 
5	3	2	2	-0.048188714375328 
5	3	3	0	-0.001204188142379 
5	3	3	1	-0.047732730400123 
5	3	3	2	-0.000000000000001 
5	3	3	3	-0.131944110550072 
5	3	4	0	-0.000000000000000 
5	3	4	1	0.000000000000000 
5	3	4	2	-0.000000000000000 
5	3	4	3	0.000000000000000 
5	3	4	4	-0.147593721688164 
5	3	5	0	-0.001770940992050 
5	3	5	1	-0.060252010790238 
5	3	5	2	-0.000000000000000 
5	3	5	3	0.095569931772297 
5	4	0	0	0.000000000000000 
5	4	1	0	0.000000000000000 
5	4	1	1	0.000000000000000 
5	4	2	0	-0.000000000000000 
5	4	2	1	0.000000000000000 
5	4	2	2	0.000000000000000 
5	4	3	0	-0.000000000000000 
5	4	3	1	-0.000000000000000 
5	4	3	2	-0.000000000000000 
5	4	3	3	0.000000000000000 
5	4	4	0	-0.013256139621806 
5	4	4	1	0.051765956488772 
5	4	4	2	0.000000000000000 
5	4	4	3	-0.005114544143982 
5	4	4	4	0.000000000000000 
5	4	5	0	0.000000000000000 
5	4	5	1	-0.000000000000000 
5	4	5	2	-0.000000000000000 
5	4	5	3	0.000000000000000 
5	4	5	4	0.034603129519200 
5	5	0	0	0.782006439178284 
5	5	1	0	0.007414547799233 
5	5	1	1	0.594136774342200 
5	5	2	0	-0.000000000000000 
5	5	2	1	0.000000000000000 
5	5	2	2	0.549809044296700 
5	5	3	0	0.018008396384868 
5	5	3	1	-0.048537230761509 
5	5	3	2	0.000000000000000 
5	5	3	3	0.543817857210813 
5	5	4	0	-0.000000000000000 
5	5	4	1	0.000000000000000 
5	5	4	2	0.000000000000000 
5	5	4	3	-0.000000000000000 
5	5	4	4	0.577949941250931 
5	5	5	0	-0.008786662299912 
5	5	5	1	0.092105300656419 
5	5	5	2	0.000000000000001 
5	5	5	3	-0.052425868006908 
5	5	5	4	0.000000000000000 
5	5	5	5	0.581816845694693 
6	0	0	0	-0.000000000000000 
6	0	1	0	0.000000000000000 
6	0	1	1	-0.000000000000000 
6	0	2	0	-0.014369589333669 
6	0	2	1	0.021719472131978 
6	0	2	2	0.000000000000000 
6	0	3	0	-0.000000000000000 
6	0	3	1	0.000000000000000 
6	0	3	2	0.003543163805659 
6	0	3	3	0.000000000000000 
6	0	4	0	0.000000000000000 
6	0	4	1	-0.000000000000000 
6	0	4	2	0.000000000000000 
6	0	4	3	-0.000000000000000 
6	0	4	4	0.000000000000000 
6	0	5	0	-0.000000000000000 
6	0	5	1	0.000000000000000 
6	0	5	2	0.003038562275519 
6	0	5	3	0.000000000000000 
6	0	5	4	-0.000000000000000 
6	0	5	5	0.000000000000000 
6	0	6	0	0.019521797927737 
6	1	0	0	0.000000000000000 
6	1	1	0	-0.000000000000000 
6	1	1	1	-0.000000000000000 
6	1	2	0	0.014736276812595 
6	1	2	1	-0.053695310116448 
6	1	2	2	-0.000000000000000 
6	1	3	0	0.000000000000000 
6	1	3	1	0.000000000000000 
6	1	3	2	-0.030601933260174 
6	1	3	3	-0.000000000000001 
6	1	4	0	-0.000000000000000 
6	1	4	1	0.000000000000000 
6	1	4	2	0.000000000000000 
6	1	4	3	0.000000000000000 
6	1	4	4	-0.000000000000000 
6	1	5	0	0.000000000000000 
6	1	5	1	-0.000000000000000 
6	1	5	2	-0.030256503951956 
6	1	5	3	-0.000000000000001 
6	1	5	4	0.000000000000000 
6	1	5	5	-0.000000000000000 
6	1	6	0	-0.019103327777830 
6	1	6	1	0.067816455790701 
6	2	0	0	-0.370066229461629 
6	2	1	0	-0.007015848742887 
6	2	1	1	-0.162721885807297 
6	2	2	0	-0.000000000000000 
6	2	2	1	0.000000000000001 
6	2	2	2	-0.088611250743172 
6	2	3	0	0.000285210698113 
6	2	3	1	-0.077595884583672 
6	2	3	2	-0.000000000000001 
6	2	3	3	-0.143881033977255 
6	2	4	0	-0.000000000000000 
6	2	4	1	0.000000000000000 
6	2	4	2	-0.000000000000001 
6	2	4	3	0.000000000000000 
6	2	4	4	-0.201958251484718 
6	2	5	0	-0.005769949929127 
6	2	5	1	-0.068881720107256 
6	2	5	2	-0.000000000000001 
6	2	5	3	0.099893321461149 
6	2	5	4	0.000000000000000 
6	2	5	5	-0.044038742623913 
6	2	6	0	0.000000000000000 
6	2	6	1	-0.000000000000000 
6	2	6	2	0.159448897915165 
6	3	0	0	-0.000000000000002 
6	3	1	0	-0.000000000000000 
6	3	1	1	-0.000000000000001 
6	3	2	0	0.008294707621368 
6	3	2	1	-0.072848090588409 
6	3	2	2	-0.000000000000002 
6	3	3	0	0.000000000000000 
6	3	3	1	-0.000000000000001 
6	3	3	2	0.012656963753839 
6	3	3	3	-0.000000000000002 
6	3	4	0	-0.000000000000000 
6	3	4	1	0.000000000000000 
6	3	4	2	-0.000000000000000 
6	3	4	3	-0.000000000000000 
6	3	4	4	-0.000000000000001 
6	3	5	0	-0.000000000000000 
6	3	5	1	-0.000000000000001 
6	3	5	2	0.054137096817638 
6	3	5	3	0.000000000000000 
6	3	5	4	-0.000000000000000 
6	3	5	5	-0.000000000000000 
6	3	6	0	-0.011247702272218 
6	3	6	1	0.017188592552481 
6	3	6	2	0.000000000000001 
6	3	6	3	0.070952683195473 
6	4	0	0	0.000000000000001 
6	4	1	0	0.000000000000000 
6	4	1	1	0.000000000000001 
6	4	2	0	-0.000000000000000 
6	4	2	1	0.000000000000000 
6	4	2	2	0.000000000000000 
6	4	3	0	0.000000000000000 
6	4	3	1	0.000000000000000 
6	4	3	2	0.000000000000000 
6	4	3	3	0.000000000000000 
6	4	4	0	0.000000000000000 
6	4	4	1	-0.000000000000000 
6	4	4	2	-0.023887636578606 
6	4	4	3	-0.000000000000000 
6	4	4	4	0.000000000000001 
6	4	5	0	0.000000000000000 
6	4	5	1	0.000000000000000 
6	4	5	2	0.000000000000000 
6	4	5	3	-0.000000000000000 
6	4	5	4	-0.000000000000000 
6	4	5	5	0.000000000000000 
6	4	6	0	0.000000000000000 
6	4	6	1	-0.000000000000000 
6	4	6	2	-0.000000000000000 
6	4	6	3	0.000000000000000 
6	4	6	4	0.025041371875250 
6	5	0	0	-0.000000000000002 
6	5	1	0	-0.000000000000000 
6	5	1	1	-0.000000000000000 
6	5	2	0	0.007661084170874 
6	5	2	1	-0.086713661753149 
6	5	2	2	-0.000000000000002 
6	5	3	0	0.000000000000000 
6	5	3	1	-0.000000000000001 
6	5	3	2	0.061525470635642 
6	5	3	3	-0.000000000000001 
6	5	4	0	-0.000000000000000 
6	5	4	1	0.000000000000000 
6	5	4	2	-0.000000000000000 
6	5	4	3	-0.000000000000000 
6	5	4	4	-0.000000000000001 
6	5	5	0	-0.000000000000000 
6	5	5	1	-0.000000000000001 
6	5	5	2	0.066581034971727 
6	5	5	3	0.000000000000001 
6	5	5	4	-0.000000000000000 
6	5	5	5	0.000000000000002 
6	5	6	0	-0.010135935508562 
6	5	6	1	-0.004547037240387 
6	5	6	2	0.000000000000001 
6	5	6	3	0.060376559514893 
6	5	6	4	0.000000000000000 
6	5	6	5	0.112645816075310 
6	6	0	0	0.839696775753433 
6	6	1	0	0.008920531242027 
6	6	1	1	0.608996181298733 
6	6	2	0	-0.000000000000000 
6	6	2	1	-0.000000000000001 
6	6	2	2	0.583337086476360 
6	6	3	0	0.003740208393208 
6	6	3	1	0.018328705259365 
6	6	3	2	0.000000000000001 
6	6	3	3	0.580373393183710 
6	6	4	0	-0.000000000000000 
6	6	4	1	0.000000000000000 
6	6	4	2	0.000000000000000 
6	6	4	3	-0.000000000000000 
6	6	4	4	0.609737005215941 
6	6	5	0	0.003747255658984 
6	6	5	1	0.061569950611692 
6	6	5	2	0.000000000000001 
6	6	5	3	-0.050816538323223 
6	6	5	4	0.000000000000000 
6	6	5	5	0.550135906819224 
6	6	6	0	0.000000000000000 
6	6	6	1	-0.000000000000000 
6	6	6	2	-0.095647125274610 
6	6	6	3	-0.000000000000001 
6	6	6	4	0.000000000000000 
6	6	6	5	0.000000000000001 
6	6	6	6	0.596967083324372
