0	0	0	0	4.74665
1	0	0	0	0.428279
1	0	1	0	0.0610857
1	1	0	0	1.01919
1	1	1	0	0.0151419
1	1	1	1	0.723719
2	0	0	0	4.62804e-16
2	0	1	0	2.51961e-17
2	0	1	1	2.23366e-16
2	0	2	0	0.010594
2	1	0	0	-1.06528e-15
2	1	1	0	2.10132e-17
2	1	1	1	-1.27827e-15
2	1	2	0	-0.0168131
2	1	2	1	0.131226
2	2	0	0	0.763044
2	2	1	0	0.00467144
2	2	1	1	0.616268
2	2	2	0	2.25839e-16
2	2	2	1	-1.96024e-15
2	2	2	2	0.594989
3	0	0	0	-0.166246
3	0	1	0	-0.0218153
3	0	1	1	-0.0126143
3	0	2	0	-2.36648e-17
3	0	2	1	5.22585e-17
3	0	2	2	-0.00558455
3	0	3	0	0.0244196
3	1	0	0	-0.14656
3	1	1	0	-0.00812602
3	1	1	1	-0.0225032
3	1	2	0	4.43303e-17
3	1	2	1	-8.05779e-16
3	1	2	2	0.00435293
3	1	3	0	-0.0184892
3	1	3	1	0.129673
3	2	0	0	-4.50079e-15
3	2	1	0	6.32903e-18
3	2	1	1	-4.42962e-15
3	2	2	0	0.00256356
3	2	2	1	0.0276361
3	2	2	2	-5.18682e-15
3	2	3	0	7.33463e-17
3	2	3	1	-9.28944e-16
3	2	3	2	0.0551248
3	3	0	0	0.939047
3	3	1	0	0.0114006
3	3	1	1	0.662034
3	3	2	0	2.33239e-16
3	3	2	1	-2.10075e-15
3	3	2	2	0.567231
3	3	3	0	0.00892535
3	3	3	1	-0.0949954
3	3	3	2	-5.23019e-15
3	3	3	3	0.70777
4	0	0	0	0
4	0	1	0	0
4	0	1	1	0
4	0	2	0	0
4	0	2	1	0
4	0	2	2	0
4	0	3	0	0
4	0	3	1	0
4	0	3	2	0
4	0	3	3	0
4	0	4	0	0.0259689
4	1	0	0	0
4	1	1	0	0
4	1	1	1	0
4	1	2	0	0
4	1	2	1	0
4	1	2	2	0
4	1	3	0	0
4	1	3	1	0
4	1	3	2	0
4	1	3	3	0
4	1	4	0	-0.0331826
4	1	4	1	0.150059
4	2	0	0	0
4	2	1	0	0
4	2	1	1	0
4	2	2	0	0
4	2	2	1	0
4	2	2	2	0
4	2	3	0	0
4	2	3	1	0
4	2	3	2	0
4	2	3	3	0
4	2	4	0	3.04017e-17
4	2	4	1	-1.455e-16
4	2	4	2	0.0264664
4	3	0	0	0
4	3	1	0	0
4	3	1	1	0
4	3	2	0	0
4	3	2	1	0
4	3	2	2	0
4	3	3	0	0
4	3	3	1	0
4	3	3	2	0
4	3	3	3	0
4	3	4	0	0.0120019
4	3	4	1	-0.044241
4	3	4	2	-5.20417e-17
4	3	4	3	0.0488391
4	4	0	0	1.11536
4	4	1	0	0.0121135
4	4	1	1	0.753998
4	4	2	0	2.14238e-16
4	4	2	1	-1.18308e-15
4	4	2	2	0.602604
4	4	3	0	-0.00467334
4	4	3	1	-0.0793858
4	4	3	2	-4.03844e-15
4	4	3	3	0.693407
4	4	4	0	0
4	4	4	1	0
4	4	4	2	0
4	4	4	3	0
4	4	4	4	0.880159
5	0	0	0	0.199823
5	0	1	0	0.0303627
5	0	1	1	0.0020129
5	0	2	0	2.3971e-18
5	0	2	1	2.82435e-17
5	0	2	2	-0.000577799
5	0	3	0	0.00273035
5	0	3	1	-0.0207683
5	0	3	2	4.93854e-17
5	0	3	3	0.0159229
5	0	4	0	0
5	0	4	1	0
5	0	4	2	0
5	0	4	3	0
5	0	4	4	0.00541089
5	0	5	0	0.0261967
5	1	0	0	0.268866
5	1	1	0	0.00613692
5	1	1	1	0.131932
5	1	2	0	9.09375e-17
5	1	2	1	-7.9884e-16
5	1	2	2	0.0663961
5	1	3	0	-0.0184186
5	1	3	1	0.03143
5	1	3	2	-7.12971e-16
5	1	3	3	0.0647347
5	1	4	0	0
5	1	4	1	0
5	1	4	2	0
5	1	4	3	0
5	1	4	4	0.142244
5	1	5	0	-0.00982593
5	1	5	1	0.0951527
5	2	0	0	-3.51562e-15
5	2	1	0	-1.02999e-17
5	2	1	1	-3.02796e-15
5	2	2	0	-0.00262389
5	2	2	1	-0.0375445
5	2	2	2	-2.54657e-15
5	2	3	0	4.64581e-17
5	2	3	1	2.5327e-16
5	2	3	2	-0.0375739
5	2	3	3	-1.81105e-15
5	2	4	0	0
5	2	4	1	0
5	2	4	2	0
5	2	4	3	0
5	2	4	4	-3.02536e-15
5	2	5	0	6.64616e-17
5	2	5	1	-1.42247e-16
5	2	5	2	0.0749902
5	3	0	0	0.266959
5	3	1	0	0.00347477
5	3	1	1	0.125003
5	3	2	0	4.16334e-17
5	3	2	1	3.98986e-17
5	3	2	2	0.0481887
5	3	3	0	-0.00120419
5	3	3	1	-0.0477327
5	3	3	2	6.17562e-16
5	3	3	3	0.131944
5	3	4	0	0
5	3	4	1	0
5	3	4	2	0
5	3	4	3	0
5	3	4	4	0.147594
5	3	5	0	0.00177094
5	3	5	1	0.060252
5	3	5	2	-3.40006e-16
5	3	5	3	0.0955699
5	4	0	0	0
5	4	1	0	0
5	4	1	1	0
5	4	2	0	0
5	4	2	1	0
5	4	2	2	0
5	4	3	0	0
5	4	3	1	0
5	4	3	2	0
5	4	3	3	0
5	4	4	0	-0.0132561
5	4	4	1	0.051766
5	4	4	2	-1.30104e-16
5	4	4	3	0.00511454
5	4	4	4	0
5	4	5	0	0
5	4	5	1	0
5	4	5	2	0
5	4	5	3	0
5	4	5	4	0.0346031
5	5	0	0	0.782006
5	5	1	0	0.00741455
5	5	1	1	0.594137
5	5	2	0	1.54932e-16
5	5	2	1	-2.81025e-16
5	5	2	2	0.549809
5	5	3	0	-0.0180084
5	5	3	1	0.0485372
5	5	3	2	-3.69149e-15
5	5	3	3	0.543818
5	5	4	0	0
5	5	4	1	0
5	5	4	2	0
5	5	4	3	0
5	5	4	4	0.57795
5	5	5	0	-0.00878666
5	5	5	1	0.0921053
5	5	5	2	-5.38458e-15
5	5	5	3	0.0524259
5	5	5	4	0
5	5	5	5	0.581817
6	0	0	0	5.50245e-16
6	0	1	0	2.92811e-17
6	0	1	1	1.90183e-16
6	0	2	0	-0.0143696
6	0	2	1	0.0217195
6	0	2	2	1.18286e-16
6	0	3	0	-6.16301e-18
6	0	3	1	-8.16946e-17
6	0	3	2	-0.00354316
6	0	3	3	1.37911e-16
6	0	4	0	0
6	0	4	1	0
6	0	4	2	0
6	0	4	3	0
6	0	4	4	2.16407e-16
6	0	5	0	2.68882e-17
6	0	5	1	-3.26345e-17
6	0	5	2	0.00303856
6	0	5	3	2.92735e-17
6	0	5	4	0
6	0	5	5	2.59558e-16
6	0	6	0	0.0195218
6	1	0	0	-1.45688e-15
6	1	1	0	1.01983e-17
6	1	1	1	-1.18026e-15
6	1	2	0	0.0147363
6	1	2	1	-0.0536953
6	1	2	2	-1.52656e-15
6	1	3	0	9.45966e-18
6	1	3	1	6.28837e-17
6	1	3	2	0.0306019
6	1	3	3	-1.10155e-15
6	1	4	0	0
6	1	4	1	0
6	1	4	2	0
6	1	4	3	0
6	1	4	4	-1.35308e-15
6	1	5	0	7.04731e-19
6	1	5	1	-1.09288e-16
6	1	5	2	-0.0302565
6	1	5	3	-1.42247e-16
6	1	5	4	0
6	1	5	5	-1.46411e-15
6	1	6	0	-0.0191033
6	1	6	1	0.0678165
6	2	0	0	-0.370066
6	2	1	0	-0.00701585
6	2	1	1	-0.162722
6	2	2	0	-1.84314e-17
6	2	2	1	-5.13478e-16
6	2	2	2	-0.0886113
6	2	3	0	-0.000285211
6	2	3	1	0.0775959
6	2	3	2	-5.82867e-16
6	2	3	3	-0.143881
6	2	4	0	0
6	2	4	1	0
6	2	4	2	0
6	2	4	3	0
6	2	4	4	-0.201958
6	2	5	0	-0.00576995
6	2	5	1	-0.0688817
6	2	5	2	5.96745e-16
6	2	5	3	-0.0998933
6	2	5	4	0
6	2	5	5	-0.0440387
6	2	6	0	-8.16404e-17
6	2	6	1	1.14492e-16
6	2	6	2	0.159449
6	3	0	0	-1.93538e-15
6	3	1	0	2.91921e-17
6	3	1	1	-2.56002e-15
6	3	2	0	-0.00829471
6	3	2	1	0.0728481
6	3	2	2	-3.747e-15
6	3	3	0	5.93059e-17
6	3	3	1	-1.07379e-15
6	3	3	2	0.012657
6	3	3	3	-3.55618e-15
6	3	4	0	0
6	3	4	1	0
6	3	4	2	0
6	3	4	3	0
6	3	4	4	-2.10942e-15
6	3	5	0	4.84638e-17
6	3	5	1	-6.14092e-16
6	3	5	2	-0.0541371
6	3	5	3	1.20043e-15
6	3	5	4	0
6	3	5	5	-2.19269e-15
6	3	6	0	0.0112477
6	3	6	1	-0.0171886
6	3	6	2	-1.04777e-15
6	3	6	3	0.0709527
6	4	0	0	0
6	4	1	0	0
6	4	1	1	0
6	4	2	0	0
6	4	2	1	0
6	4	2	2	0
6	4	3	0	0
6	4	3	1	0
6	4	3	2	0
6	4	3	3	0
6	4	4	0	3.60294e-17
6	4	4	1	-1.76508e-16
6	4	4	2	-0.0238876
6	4	4	3	8.93383e-17
6	4	4	4	0
6	4	5	0	0
6	4	5	1	0
6	4	5	2	0
6	4	5	3	0
6	4	5	4	-4.33681e-18
6	4	5	5	0
6	4	6	0	0
6	4	6	1	0
6	4	6	2	0
6	4	6	3	0
6	4	6	4	0.0250414
6	5	0	0	-1.04731e-15
6	5	1	0	-2.48824e-17
6	5	1	1	-9.14199e-16
6	5	2	0	0.00766108
6	5	2	1	-0.0867137
6	5	2	2	-3.60822e-16
6	5	3	0	1.20346e-17
6	5	3	1	5.0307e-16
6	5	3	2	-0.0615255
6	5	3	3	5.48173e-16
6	5	4	0	0
6	5	4	1	0
6	5	4	2	0
6	5	4	3	0
6	5	4	4	-9.99201e-16
6	5	5	0	6.67869e-17
6	5	5	1	5.68989e-16
6	5	5	2	0.066581
6	5	5	3	2.63678e-16
6	5	5	4	0
6	5	5	5	-4.7462e-15
6	5	6	0	-0.0101359
6	5	6	1	-0.00454704
6	5	6	2	-3.33067e-16
6	5	6	3	-0.0603766
6	5	6	4	0
6	5	6	5	0.112646
6	6	0	0	0.839697
6	6	1	0	0.00892053
6	6	1	1	0.608996
6	6	2	0	1.66425e-16
6	6	2	1	-1.43982e-15
6	6	2	2	0.583337
6	6	3	0	-0.00374021
6	6	3	1	-0.0183287
6	6	3	2	-4.96131e-15
6	6	3	3	0.580373
6	6	4	0	0
6	6	4	1	0
6	6	4	2	0
6	6	4	3	0
6	6	4	4	0.609737
6	6	5	0	0.00374726
6	6	5	1	0.06157
6	6	5	2	-2.58127e-15
6	6	5	3	0.0508165
6	6	5	4	0
6	6	5	5	0.550136
6	6	6	0	2.14455e-16
6	6	6	1	-1.45023e-15
6	6	6	2	-0.0956471
6	6	6	3	-3.10862e-15
6	6	6	4	0
6	6	6	5	-1.47105e-15
6	6	6	6	0.596967

